5.276738274390244442e+03 5.276880000000000109e+03 5.277021725609755777e+03
5.416238274390244442e+03 5.416380000000000109e+03 5.416521725609755777e+03
5.431398274390244296e+03 5.431539999999999964e+03 5.431681725609755631e+03
5.442148274390244296e+03 5.442289999999999964e+03 5.442431725609755631e+03
5.620478274390244223e+03 5.620619999999999891e+03 5.620761725609755558e+03
5.803878274390244769e+03 5.804020000000000437e+03 5.804161725609756104e+03
6.031168274390244733e+03 6.031310000000000400e+03 6.031451725609756068e+03
6.034088274390243896e+03 6.034229999999999563e+03 6.034371725609755231e+03
6.183768274390244187e+03 6.183909999999999854e+03 6.184051725609755522e+03
6.365398274390244296e+03 6.365539999999999964e+03 6.365681725609755631e+03
