6.598448274390244478e+03 6.598590000000000146e+03 6.598731725609755813e+03
6.643498274390244660e+03 6.643640000000000327e+03 6.643781725609755995e+03
6.767638274390244078e+03 6.767779999999999745e+03 6.767921725609755413e+03
6.772178274390244042e+03 6.772319999999999709e+03 6.772461725609755376e+03
7.385098274390244114e+03 7.385239999999999782e+03 7.385381725609755449e+03
7.393468274390244005e+03 7.393609999999999673e+03 7.393751725609755340e+03
7.408958274390244696e+03 7.409100000000000364e+03 7.409241725609756031e+03
7.414368274390244551e+03 7.414510000000000218e+03 7.414651725609755886e+03
7.422148274390244296e+03 7.422289999999999964e+03 7.422431725609755631e+03
7.522638274390244078e+03 7.522779999999999745e+03 7.522921725609755413e+03
7.524978274390244223e+03 7.525119999999999891e+03 7.525261725609755558e+03
7.555468274390244005e+03 7.555609999999999673e+03 7.555751725609755340e+03
7.573898274390244296e+03 7.574039999999999964e+03 7.574181725609755631e+03
7.727478274390244223e+03 7.727619999999999891e+03 7.727761725609755558e+03
7.788798274390243932e+03 7.788939999999999600e+03 7.789081725609755267e+03
7.797448274390244478e+03 7.797590000000000146e+03 7.797731725609755813e+03
