6.587478274390244223e+03 6.587619999999999891e+03 6.587761725609755558e+03
6.655368274390244551e+03 6.655510000000000218e+03 6.655651725609755886e+03
7.087688274390244260e+03 7.087829999999999927e+03 7.087971725609755595e+03
7.099988274390244442e+03 7.100130000000000109e+03 7.100271725609755777e+03
7.108778274390244405e+03 7.108920000000000073e+03 7.109061725609755740e+03
7.111338274390243896e+03 7.111479999999999563e+03 7.111621725609755231e+03
7.113028274390244405e+03 7.113170000000000073e+03 7.113311725609755740e+03
7.115028274390244405e+03 7.115170000000000073e+03 7.115311725609755740e+03
7.116818274390244369e+03 7.116960000000000036e+03 7.117101725609755704e+03
7.119558274390244151e+03 7.119699999999999818e+03 7.119841725609755485e+03
7.476038274390244624e+03 7.476180000000000291e+03 7.476321725609755958e+03
7.685058274390244151e+03 7.685199999999999818e+03 7.685341725609755485e+03
7.840108274390244333e+03 7.840250000000000000e+03 7.840391725609755667e+03
