6.219148274390244296e+03 6.219289999999999964e+03 6.219431725609755631e+03
6.322548274390243932e+03 6.322689999999999600e+03 6.322831725609755267e+03
6.335198274390244478e+03 6.335340000000000146e+03 6.335481725609755813e+03
6.336688274390244260e+03 6.336829999999999927e+03 6.336971725609755595e+03
6.407888274390244078e+03 6.408029999999999745e+03 6.408171725609755413e+03
6.411518274390244187e+03 6.411659999999999854e+03 6.411801725609755522e+03
6.421218274390244005e+03 6.421359999999999673e+03 6.421501725609755340e+03
6.608978274390244223e+03 6.609119999999999891e+03 6.609261725609755558e+03
8.101182743902438688e+02 8.102599999999999909e+02 8.104017256097561130e+02
7.531008274390243969e+03 7.531149999999999636e+03 7.531291725609755304e+03
7.568768274390244187e+03 7.568909999999999854e+03 7.569051725609755522e+03
7.583658274390244515e+03 7.583800000000000182e+03 7.583941725609755849e+03
7.585888274390244078e+03 7.586029999999999745e+03 7.586171725609755413e+03
7.723068274390244369e+03 7.723210000000000036e+03 7.723351725609755704e+03
7.748138274390244078e+03 7.748279999999999745e+03 7.748421725609755413e+03
7.780428274390244042e+03 7.780569999999999709e+03 7.780711725609755376e+03
