5.261568274390244369e+03 5.261710000000000036e+03 5.261851725609755704e+03
5.512848274390244114e+03 5.512989999999999782e+03 5.513131725609755449e+03
5.601148274390244296e+03 5.601289999999999964e+03 5.601431725609755631e+03
5.589988274390244442e+03 5.590130000000000109e+03 5.590271725609755777e+03
6.166298274390243932e+03 6.166439999999999600e+03 6.166581725609755267e+03
6.449668274390244733e+03 6.449810000000000400e+03 6.449951725609756068e+03
6.455458274390244696e+03 6.455600000000000364e+03 6.455741725609756031e+03
6.471528274390244405e+03 6.471670000000000073e+03 6.471811725609755740e+03
6.493648274390244296e+03 6.493789999999999964e+03 6.493931725609755631e+03
6.499508274390243969e+03 6.499649999999999636e+03 6.499791725609755304e+03
6.717548274390243932e+03 6.717689999999999600e+03 6.717831725609755267e+03
